(title "Velocity Magnitude")
(labels "Position" "Velocity Magnitude")

((xy/key/label "five_one")
0	0
0.00906667	0.000623
0.0226667	0.000623
0.0613333	0.000623
0.1	0.000623
0.15	0.000623
0.2	0.000623
0.25	0.000623
0.3	0.000623
0.35	0.000623
0.4	0.000623
0.45	0.000623
0.5	0.000623
0.55	0.000623
0.6	0.000623
0.65	0.000623
0.7	0.000623
0.75	0.000623
0.8	0.000623
0.85	0.000623
0.9	0.000623
0.938667	0.000623
0.977333	0.000623
0.990933	0.000623
1	0
)

(title "Velocity Magnitude")
(labels "Position" "Velocity Magnitude")

((xy/key/label "five_two")
0	0
0.00906667	0.00010817
0.0226667	0.000268495
0.0726207	0.000624675
0.122598	0.00068516
0.13182	0.000682937
0.172059	0.000673228
0.221112	0.00065944
0.26975	0.00065093
0.294491	0.000648249
0.318449	0.000645652
0.366175	0.000642362
0.413606	0.000640378
0.458115	0.000639433
0.502779	0.000639169
0.547072	0.000639494
0.592122	0.00064054
0.638012	0.00064257
0.685007	0.00064589
0.732328	0.000651157
0.770069	0.000657857
0.780539	0.000659715
0.828729	0.000673531
0.878058	0.000685321
0.927333	0.00062508
0.977333	0.000268443
0.990933	0.000108125
1	0
)

(title "Velocity Magnitude")
(labels "Position" "Velocity Magnitude")

((xy/key/label "five_three")
0	0
0.00906667	8.83587e-005
0.0226667	0.000215075
0.0726665	0.000550134
0.122666	0.000677283
0.172666	0.000691975
0.222666	0.000682763
0.272666	0.000673407
0.322666	0.000667472
0.372666	0.000663877
0.423239	0.000661758
0.473819	0.000660766
0.525	0.000660756
0.576174	0.000661735
0.626752	0.000663831
0.677333	0.000667451
0.727333	0.000673364
0.777333	0.000682727
0.827333	0.000692038
0.877333	0.000677351
0.927333	0.000550182
0.977333	0.000215126
0.990933	8.83807e-005
1	0
)

(title "Velocity Magnitude")
(labels "Position" "Velocity Magnitude")

((xy/key/label "five_four")
0	0
0.00906667	7.33586e-005
0.0226667	0.000178842
0.0726667	0.000491121
0.122667	0.00065603
0.172667	0.000701193
0.222667	0.000701279
0.272667	0.000693561
0.322667	0.000687047
0.372667	0.000683014
0.423613	0.000680688
0.445874	0.00068022
0.474407	0.00067962
0.525583	0.000679615
0.576412	0.000680679
0.627333	0.000682993
0.677333	0.000687025
0.727333	0.000693532
0.777333	0.000701275
0.827333	0.000701255
0.877333	0.000656092
0.927333	0.000491158
0.977333	0.000178867
0.990933	7.33691e-005
1	0
)

(title "Velocity Magnitude")
(labels "Position" "Velocity Magnitude")

((xy/key/label "five_five")
0	0
0.00906667	5.95527e-005
0.0226667	0.000145608
0.0726667	0.000419829
0.122667	0.000606389
0.172667	0.000695908
0.222667	0.000721256
0.272667	0.000721722
0.322667	0.000716894
0.372667	0.000712607
0.42325	0.000709983
0.447668	0.000709401
0.473831	0.000708778
0.525	0.000708764
0.57617	0.000709957
0.626758	0.000712556
0.677333	0.000716877
0.727333	0.00072171
0.777333	0.000721269
0.827333	0.000695954
0.877333	0.000606436
0.927333	0.000419854
0.977333	0.000145615
0.990933	5.95555e-005
1	0
)

(title "Velocity Magnitude")
(labels "Position" "Velocity Magnitude")

((xy/key/label "five_six")
0	0
0.00906667	5.21732e-005
0.0226667	0.000127732
0.0726667	0.000374028
0.122667	0.000559933
0.172667	0.000674343
0.222667	0.000726815
0.272667	0.00074234
0.322667	0.000743032
0.372667	0.000740152
0.423284	0.000737536
0.473861	0.000736213
0.525	0.000736199
0.576212	0.000737511
0.626783	0.000740106
0.677333	0.000743015
0.727333	0.000742338
0.777333	0.000726833
0.827333	0.000674379
0.877333	0.000559969
0.927333	0.000374051
0.977333	0.000127739
0.990933	5.21762e-005
1	0
)

(title "Velocity Magnitude")
(labels "Position" "Velocity Magnitude")

((xy/key/label "five_seven")
0	0
0.00906667	4.64711e-005
0.0226667	0.000113929
0.0726667	0.000337086
0.122667	0.00051594
0.172667	0.000643185
0.222667	0.000719401
0.272667	0.000755894
0.322667	0.000768737
0.372667	0.000770969
0.423362	0.000769957
0.474045	0.000768947
0.525309	0.00076894
0.551242	0.000769448
0.576819	0.00076995
0.627333	0.000770962
0.677333	0.000768728
0.727333	0.000755895
0.777333	0.000719416
0.827333	0.000643208
0.877333	0.000515963
0.927333	0.000337101
0.977333	0.000113934
0.990933	4.64732e-005
1	0
)

(title "Velocity Magnitude")
(labels "Position" "Velocity Magnitude")

((xy/key/label "five_eight")
0	0
0.00906667	4.32202e-005
0.0226667	0.000106062
0.0726667	0.000315635
0.122667	0.000488383
0.172667	0.000619505
0.222667	0.000707918
0.272667	0.000759169
0.322667	0.000783815
0.372667	0.000793154
0.42324	0.000795526
0.473816	0.000795634
0.524927	0.000795631
0.576148	0.000795526
0.626739	0.000793195
0.677333	0.00078379
0.727333	0.000759166
0.777333	0.000707926
0.827333	0.000619519
0.877333	0.000488397
0.927333	0.000315644
0.977333	0.000106065
0.990933	4.32214e-005
1	0
)

(title "Velocity Magnitude")
(labels "Position" "Velocity Magnitude")

((xy/key/label "five_nine")
0	0
0.00906667	4.10813e-005
0.0226667	0.000100888
0.0726667	0.000301423
0.122667	0.00046952
0.172667	0.000601845
0.222667	0.000697133
0.272667	0.000758404
0.322667	0.000792805
0.372667	0.000809272
0.42347	0.00081591
0.474112	0.000817897
0.525292	0.000817906
0.576352	0.000815923
0.627333	0.000809298
0.677333	0.000792796
0.727333	0.000758397
0.777333	0.000697135
0.827333	0.000601852
0.877333	0.000469527
0.927333	0.000301428
0.977333	0.00010089
0.990933	4.1082e-005
1	0
)

(title "Velocity Magnitude")
(labels "Position" "Velocity Magnitude")

((xy/key/label "five_ten")
0	0
0.00906667	3.95562e-005
0.0226667	9.7201e-005
0.0726667	0.000291264
0.122667	0.000455808
0.172667	0.000588413
0.222667	0.000687949
0.272667	0.00075624
0.322667	0.000798346
0.372667	0.00082131
0.423708	0.000832319
0.475	0.000836388
0.525873	0.00083638
0.576511	0.000832312
0.627333	0.000821314
0.677333	0.000798345
0.727333	0.000756231
0.777333	0.000687947
0.827333	0.000588415
0.877333	0.000455812
0.927333	0.000291268
0.977333	9.72028e-005
0.990933	3.95569e-005
1	0
)

(title "Velocity Magnitude")
(labels "Position" "Velocity Magnitude")

((xy/key/label "five_eleven")
0	0
0.00906667	3.84119e-005
0.0226667	9.44353e-005
0.0726667	0.000283635
0.122667	0.000445417
0.172667	0.000577971
0.222667	0.000680331
0.272667	0.000753766
0.322591	0.00080186
0.372904	0.000830511
0.423863	0.000845569
0.475185	0.00085179
0.526238	0.000851792
0.576359	0.000845686
0.626511	0.000830869
0.676821	0.000802269
0.727113	0.000753939
0.777333	0.000680299
0.827333	0.000577948
0.877333	0.000445389
0.927333	0.000283606
0.977333	9.44195e-005
0.990933	3.84045e-005
1	0
)

(title "Velocity Magnitude")
(labels "Position" "Velocity Magnitude")

((xy/key/label "outlet")
0	0
0.00906667	3.70302e-005
0.0226667	8.98093e-005
0.0613333	0.000235432
0.1	0.000368874
0.15	0.000505606
0.2	0.000622948
0.25	0.000715728
0.3	0.00078409
0.35	0.000831134
0.4	0.000860584
0.45	0.000876219
0.5	0.000881066
0.55	0.000876183
0.6	0.000860457
0.65	0.000830943
0.7	0.000783951
0.75	0.000715641
0.8	0.000623082
0.85	0.00050549
0.9	0.00036888
0.938667	0.000235192
0.977333	8.97821e-005
0.990933	3.70466e-005
1	0
)