(title "X Velocity")
(labels "Position" "X Velocity")

((xy/key/label "one")
0	0
0.00906667	0.0001005
0.0226667	0.0001005
0.0613333	0.0001005
0.1	0.0001005
0.15	0.0001005
0.2	0.0001005
0.25	0.0001005
0.3	0.0001005
0.35	0.0001005
0.4	0.0001005
0.45	0.0001005
0.5	0.0001005
0.55	0.0001005
0.6	0.0001005
0.65	0.0001005
0.7	0.0001005
0.75	0.0001005
0.8	0.0001005
0.85	0.0001005
0.9	0.0001005
0.938667	0.0001005
0.977333	0.0001005
0.990933	0.0001005
1	0
)

(title "X Velocity")
(labels "Position" "X Velocity")

((xy/key/label "two")
0	0
0.00906667	2.61686e-005
0.0226667	5.61956e-005
0.0681559	0.000105427
0.113258	0.000112033
0.123409	0.000111242
0.15935	0.000108413
0.206309	0.000105042
0.254358	0.000103206
0.302741	0.000102266
0.351477	0.000101779
0.400983	0.00010152
0.450335	0.000101391
0.499951	0.000101349
0.549537	0.000101392
0.599219	0.000101515
0.648178	0.000101773
0.697127	0.000102252
0.745259	0.000103187
0.792996	0.00010499
0.840126	0.000108363
0.886388	0.000112005
0.91632	0.000107725
0.93211	0.000105475
0.977333	5.61985e-005
0.990933	2.6159e-005
1	0
)

(title "X Velocity")
(labels "Position" "X Velocity")

((xy/key/label "three")
0	0
0.00906667	1.54171e-005
0.0226667	3.76935e-005
0.0705102	9.2946e-005
0.118272	0.00011264
0.158782	0.000113737
0.165531	0.000113923
0.212205	0.000110573
0.259674	0.000107441
0.307246	0.000105468
0.354858	0.000104311
0.402757	0.000103653
0.451226	0.000103309
0.500152	0.000103213
0.548961	0.000103312
0.59778	0.000103653
0.645791	0.000104317
0.693607	0.000105484
0.741012	0.000107471
0.787944	0.000110579
0.83499	0.000113915
0.882047	0.000112605
0.914617	9.91729e-005
0.929405	9.30852e-005
0.977333	3.77004e-005
0.990933	1.54222e-005
1	0
)

(title "X Velocity")
(labels "Position" "X Velocity")

((xy/key/label "four")
0	0
0.00906667	1.24951e-005
0.0226667	3.04766e-005
0.0720948	8.22898e-005
0.120893	0.000108909
0.169677	0.000115979
0.194891	0.000115327
0.217627	0.000114744
0.265486	0.000111701
0.312784	0.000109191
0.35925	0.000107543
0.406335	0.00010655
0.453622	0.000106024
0.501224	0.000105865
0.548664	0.000106035
0.596304	0.00010659
0.643092	0.000107611
0.689923	0.000109298
0.736608	0.000111823
0.783838	0.000114814
0.831202	0.000115957
0.874034	0.000109625
0.879189	0.000108865
0.927933	8.23178e-005
0.977333	3.04953e-005
0.990933	1.25048e-005
1	0
)

(title "X Velocity")
(labels "Position" "X Velocity")

((xy/key/label "five")
0	0
0.00906667	1.06115e-005
0.0226667	2.59537e-005
0.0726207	7.36761e-005
0.122598	0.000103614
0.13182	0.000105867
0.172059	0.00011569
0.221112	0.000117365
0.26975	0.000115278
0.294491	0.00011398
0.318449	0.000112723
0.366175	0.000110814
0.413606	0.000109623
0.458115	0.000109055
0.502779	0.000108898
0.547072	0.000109088
0.592122	0.000109721
0.638012	0.000110943
0.685007	0.000112867
0.732328	0.00011539
0.770069	0.000116973
0.780539	0.000117412
0.828729	0.000115636
0.878058	0.000103482
0.927333	7.37588e-005
0.977333	2.59739e-005
0.990933	1.06197e-005
1	0
)

(title "X Velocity")
(labels "Position" "X Velocity")

((xy/key/label "six")
0	0
0.00906667	8.63858e-006
0.0226667	2.12054e-005
0.0726638	6.23759e-005
0.122662	9.32921e-005
0.172662	0.00011159
0.222661	0.000118998
0.272661	0.00012011
0.322661	0.000118746
0.373249	0.000116966
0.423668	0.000115658
0.474201	0.000114994
0.51735	0.000114992
0.524987	0.000114992
0.576272	0.000115653
0.627333	0.000116968
0.677333	0.000118743
0.727333	0.00012012
0.777333	0.000119009
0.827333	0.000111621
0.877333	9.33708e-005
0.927333	6.23898e-005
0.977333	2.12101e-005
0.990933	8.64046e-006
1	0
)

(title "X Velocity")
(labels "Position" "X Velocity")

((xy/key/label "seven")
0	0
0.00906667	7.71134e-006
0.0226667	1.89391e-005
0.0726665	5.62587e-005
0.122666	8.60898e-005
0.172666	0.000106673
0.222666	0.000117992
0.272666	0.000122352
0.322666	0.000122895
0.372666	0.00012198
0.423239	0.000120902
0.473819	0.000120271
0.525	0.000120262
0.576174	0.000120888
0.626752	0.000121962
0.677333	0.000122891
0.727333	0.000122353
0.777333	0.000117991
0.827333	0.000106669
0.877333	8.60906e-005
0.927333	5.62623e-005
0.977333	1.8941e-005
0.990933	7.7122e-006
1	0
)

(title "X Velocity")
(labels "Position" "X Velocity")

((xy/key/label "eight")
0	0
0.00906667	7.18275e-006
0.0226667	1.76431e-005
0.0726667	5.26102e-005
0.122667	8.13411e-005
0.172667	0.000102643
0.222667	0.000116167
0.272667	0.000123073
0.322667	0.000125522
0.372667	0.0001257
0.423249	0.00012514
0.473833	0.000124679
0.525	0.000124672
0.576167	0.000125131
0.626751	0.000125692
0.677333	0.000125517
0.727333	0.000123071
0.777333	0.000116165
0.827333	0.00010264
0.877333	8.13389e-005
0.927333	5.26089e-005
0.977333	1.76426e-005
0.990933	7.18252e-006
1	0
)

(title "X Velocity")
(labels "Position" "X Velocity")

((xy/key/label "nine")
0	0
0.00906667	6.83632e-006
0.0226667	1.67949e-005
0.0726667	5.01962e-005
0.122667	7.80613e-005
0.172667	9.95698e-005
0.222667	0.000114352
0.272667	0.000123029
0.322667	0.000127145
0.372667	0.000128487
0.423613	0.000128556
0.445874	0.00012847
0.474407	0.000128361
0.525583	0.000128359
0.576412	0.000128553
0.627333	0.000128486
0.677333	0.000127142
0.727333	0.000123026
0.777333	0.000114349
0.827333	9.95662e-005
0.877333	7.80578e-005
0.927333	5.01934e-005
0.977333	1.67938e-005
0.990933	6.83585e-006
1	0
)

(title "X Velocity")
(labels "Position" "X Velocity")

((xy/key/label "ten")
0	0
0.00906667	6.11501e-006
0.0226667	1.50397e-005
0.0726667	4.52439e-005
0.122667	7.1194e-005
0.172667	9.26181e-005
0.222667	0.000109352
0.272667	0.000121525
0.322667	0.000129646
0.372667	0.000134538
0.42325	0.000137162
0.447668	0.000137686
0.473831	0.000138247
0.525	0.000138258
0.57617	0.000137179
0.626758	0.000134574
0.677333	0.000129639
0.727333	0.000121519
0.777333	0.000109347
0.827333	9.2614e-005
0.877333	7.11908e-005
0.927333	4.52419e-005
0.977333	1.5039e-005
0.990933	6.11474e-006
1	0
)

(title "X Velocity")
(labels "Position" "X Velocity")

((xy/key/label "eleven")
0	0
0.00906667	5.73114e-006
0.0226667	1.41117e-005
0.0726667	4.26732e-005
0.122667	6.76372e-005
0.172667	8.88996e-005
0.222667	0.0001064
0.272667	0.000120194
0.322667	0.000130494
0.372667	0.000137656
0.423284	0.000142159
0.473861	0.000144301
0.525	0.00014432
0.576212	0.000142188
0.626783	0.000137716
0.677333	0.000130489
0.727333	0.00012019
0.777333	0.000106397
0.827333	8.88968e-005
0.877333	6.76351e-005
0.927333	4.26719e-005
0.977333	1.41113e-005
0.990933	5.73098e-006
1	0
)

(title "X Velocity")
(labels "Position" "X Velocity")

((xy/key/label "outlet")
0	0
0.00906667	5.85142e-006
0.0226667	1.66541e-005
0.0613333	3.48119e-005
0.1	5.59023e-005
0.15	7.67082e-005
0.2	9.60209e-005
0.25	0.00011253
0.3	0.000126029
0.35	0.000136511
0.4	0.000143987
0.45	0.000148463
0.5	0.000149948
0.55	0.00014844
0.6	0.000143939
0.65	0.000136447
0.7	0.000125958
0.75	0.000112464
0.8	9.59755e-005
0.85	7.66785e-005
0.9	5.586e-005
0.938667	3.47752e-005
0.977333	1.66416e-005
0.990933	5.84676e-006
1	0
)