(title "Velocity Magnitude")
(labels "Position" "Velocity Magnitude")

((xy/key/label "five_one")
0	0
0.00906667	0.000482
0.0226667	0.000482
0.0613333	0.000482
0.1	0.000482
0.15	0.000482
0.2	0.000482
0.25	0.000482
0.3	0.000482
0.35	0.000482
0.4	0.000482
0.45	0.000482
0.5	0.000482
0.55	0.000482
0.6	0.000482
0.65	0.000482
0.7	0.000482
0.75	0.000482
0.8	0.000482
0.85	0.000482
0.9	0.000482
0.938667	0.000482
0.977333	0.000482
0.990933	0.000482
1	0
)

(title "Velocity Magnitude")
(labels "Position" "Velocity Magnitude")

((xy/key/label "five_two")
0	0
0.00906667	8.05979e-005
0.0226667	0.000198235
0.0726207	0.000471379
0.122598	0.000532754
0.13182	0.000531575
0.172059	0.000526416
0.221112	0.000514703
0.26975	0.000507077
0.294491	0.000504699
0.318449	0.000502396
0.366175	0.000499489
0.413606	0.000497744
0.458115	0.000496915
0.502779	0.000496684
0.547072	0.000496967
0.592122	0.000497886
0.638012	0.000499671
0.685007	0.000502605
0.732328	0.000507279
0.770069	0.000513288
0.780539	0.000514955
0.828729	0.000526655
0.878058	0.000532828
0.927333	0.000471752
0.977333	0.000198216
0.990933	8.0567e-005
1	0
)

(title "Velocity Magnitude")
(labels "Position" "Velocity Magnitude")

((xy/key/label "five_three")
0	0
0.00906667	6.19777e-005
0.0226667	0.000150974
0.0726665	0.000402735
0.122666	0.000518964
0.172666	0.000541881
0.222666	0.000536775
0.272666	0.000528775
0.322666	0.000523185
0.372666	0.000519787
0.423239	0.000517798
0.473819	0.00051687
0.525	0.00051686
0.576174	0.000517777
0.626752	0.000519745
0.677333	0.000523165
0.727333	0.000528736
0.777333	0.00053675
0.827333	0.000541942
0.877333	0.000519017
0.927333	0.000402765
0.977333	0.000151011
0.990933	6.19936e-005
1	0
)

(title "Velocity Magnitude")
(labels "Position" "Velocity Magnitude")

((xy/key/label "five_four")
0	0
0.00906667	5.13391e-005
0.0226667	0.000125418
0.0726667	0.000354821
0.122667	0.000493773
0.172667	0.000544658
0.222667	0.000551398
0.272667	0.000546393
0.322667	0.000540753
0.372667	0.000536975
0.423613	0.000534779
0.445874	0.000534339
0.474407	0.000533776
0.525583	0.000533771
0.576412	0.00053477
0.627333	0.000536956
0.677333	0.000540734
0.727333	0.000546372
0.777333	0.000551403
0.827333	0.000544713
0.877333	0.000493821
0.927333	0.000354839
0.977333	0.000125428
0.990933	5.13433e-005
1	0
)

(title "Velocity Magnitude")
(labels "Position" "Velocity Magnitude")

((xy/key/label "five_five")
0	0
0.00906667	4.25267e-005
0.0226667	0.000104083
0.0726667	0.00030342
0.122667	0.000448865
0.172667	0.000530877
0.222667	0.000562591
0.272667	0.000568583
0.322667	0.000566162
0.372667	0.000562698
0.42325	0.000560288
0.447668	0.000559737
0.473831	0.000559147
0.525	0.000559133
0.57617	0.000560264
0.626758	0.000562652
0.677333	0.000566146
0.727333	0.000568577
0.777333	0.000562606
0.827333	0.000530914
0.877333	0.000448899
0.927333	0.000303437
0.977333	0.000104088
0.990933	4.25284e-005
1	0
)

(title "Velocity Magnitude")
(labels "Position" "Velocity Magnitude")

((xy/key/label "five_six")
0	0
0.00906667	3.76051e-005
0.0226667	9.21488e-005
0.0726667	0.000271708
0.122667	0.000412811
0.172667	0.000508423
0.222667	0.000560622
0.272667	0.000581919
0.322667	0.00058704
0.372667	0.000586211
0.423284	0.000584389
0.473861	0.000583263
0.525	0.000583251
0.576212	0.000584369
0.626783	0.00058618
0.677333	0.000587024
0.727333	0.000581919
0.777333	0.000560638
0.827333	0.000508449
0.877333	0.000412836
0.927333	0.000271725
0.977333	9.21544e-005
0.990933	3.76074e-005
1	0
)

(title "Velocity Magnitude")
(labels "Position" "Velocity Magnitude")

((xy/key/label "five_seven")
0	0
0.00906667	3.37913e-005
0.0226667	8.29138e-005
0.0726667	0.000246576
0.122667	0.00038103
0.172667	0.00048228
0.222667	0.000549514
0.272667	0.00058748
0.322667	0.00060493
0.372667	0.000610927
0.423362	0.000612037
0.474045	0.000611829
0.525309	0.000611826
0.551242	0.000611929
0.576819	0.000612031
0.627333	0.000610923
0.677333	0.000604928
0.727333	0.00058748
0.777333	0.000549524
0.827333	0.000482294
0.877333	0.000381043
0.927333	0.000246585
0.977333	8.2917e-005
0.990933	3.37926e-005
1	0
)

(title "Velocity Magnitude")
(labels "Position" "Velocity Magnitude")

((xy/key/label "five_eight")
0	0
0.00906667	3.1627e-005
0.0226667	7.76775e-005
0.0726667	0.00023218
0.122667	0.000361914
0.172667	0.00046439
0.222667	0.000538612
0.272667	0.000586736
0.322667	0.000614042
0.372667	0.000627279
0.42324	0.000632671
0.473816	0.000634309
0.524927	0.000634321
0.576148	0.000632695
0.626739	0.000627365
0.677333	0.000614022
0.727333	0.000586731
0.777333	0.000538614
0.827333	0.000464396
0.877333	0.00036192
0.927333	0.000232184
0.977333	7.76788e-005
0.990933	3.16275e-005
1	0
)

(title "Velocity Magnitude")
(labels "Position" "Velocity Magnitude")

((xy/key/label "five_nine")
0	0
0.00906667	3.02168e-005
0.0226667	7.42676e-005
0.0726667	0.000222775
0.122667	0.000349171
0.172667	0.00045179
0.222667	0.000529806
0.272667	0.000584383
0.322667	0.000618956
0.372667	0.00063849
0.42347	0.000648243
0.474112	0.000652013
0.525292	0.000652026
0.576352	0.000648265
0.627333	0.000638527
0.677333	0.000618949
0.727333	0.000584374
0.777333	0.000529804
0.827333	0.00045179
0.877333	0.000349172
0.927333	0.000222777
0.977333	7.42681e-005
0.990933	3.02169e-005
1	0
)

(title "Velocity Magnitude")
(labels "Position" "Velocity Magnitude")

((xy/key/label "five_ten")
0	0
0.00906667	2.92214e-005
0.0226667	7.1863e-005
0.0726667	0.000216144
0.122667	0.000340109
0.172667	0.000442584
0.222667	0.000522936
0.272667	0.000581883
0.322667	0.000621822
0.372667	0.000646469
0.423708	0.000660156
0.475	0.000665971
0.525873	0.000665959
0.576511	0.000660144
0.627333	0.00064647
0.677333	0.000621821
0.727333	0.000581872
0.777333	0.00052293
0.827333	0.000442582
0.877333	0.000340108
0.927333	0.000216144
0.977333	7.18634e-005
0.990933	2.92216e-005
1	0
)

(title "Velocity Magnitude")
(labels "Position" "Velocity Magnitude")

((xy/key/label "five_eleven")
0	0
0.00906667	2.84874e-005
0.0226667	7.00908e-005
0.0726667	0.000211259
0.122667	0.000333408
0.172667	0.000435688
0.222667	0.0005176
0.272667	0.000579703
0.322591	0.000623611
0.372904	0.000652439
0.423863	0.000669312
0.475185	0.000676853
0.526238	0.000676865
0.576359	0.00066944
0.626511	0.000652784
0.676821	0.00062398
0.727113	0.000579839
0.777333	0.000517564
0.827333	0.000435661
0.877333	0.00033338
0.927333	0.000211233
0.977333	7.00781e-005
0.990933	2.84817e-005
1	0
)

(title "Velocity Magnitude")
(labels "Position" "Velocity Magnitude")

((xy/key/label "outlet")
0	0
0.00906667	2.74433e-005
0.0226667	6.69239e-005
0.0613333	0.000176734
0.1	0.000277849
0.15	0.000382396
0.2	0.000473864
0.25	0.000548568
0.3	0.000606121
0.35	0.000648002
0.4	0.000675902
0.45	0.000691565
0.5	0.000696604
0.55	0.000691532
0.6	0.00067575
0.65	0.000647799
0.7	0.000605978
0.75	0.000548476
0.8	0.000473952
0.85	0.000382288
0.9	0.000277839
0.938667	0.000176545
0.977333	6.68992e-005
0.990933	2.74534e-005
1	0
)