(title "Velocity Magnitude")
(labels "Position" "Velocity Magnitude")

((xy/key/label "four_one")
0	0
0.00906667	0.000342
0.0226667	0.000342
0.0613333	0.000342
0.1	0.000342
0.15	0.000342
0.2	0.000342
0.25	0.000342
0.3	0.000342
0.35	0.000342
0.4	0.000342
0.45	0.000342
0.5	0.000342
0.55	0.000342
0.6	0.000342
0.65	0.000342
0.7	0.000342
0.75	0.000342
0.8	0.000342
0.85	0.000342
0.9	0.000342
0.938667	0.000342
0.977333	0.000342
0.990933	0.000342
1	0
)

(title "Velocity Magnitude")
(labels "Position" "Velocity Magnitude")

((xy/key/label "four_two")
0	0
0.00906667	5.29471e-005
0.0226667	0.000129255
0.0726207	0.000320092
0.122598	0.00037936
0.13182	0.000379455
0.172059	0.000379854
0.221112	0.000371079
0.26975	0.0003643
0.294491	0.000362169
0.318449	0.000360106
0.366175	0.000357515
0.413606	0.000355973
0.458115	0.000355241
0.502779	0.000355038
0.547072	0.000355286
0.592122	0.000356097
0.638012	0.000357676
0.685007	0.00036029
0.732328	0.000364481
0.770069	0.000369815
0.780539	0.000371294
0.828729	0.000379977
0.878058	0.000379295
0.927333	0.000320439
0.977333	0.000129324
0.990933	5.29629e-005
1	0
)

(title "Velocity Magnitude")
(labels "Position" "Velocity Magnitude")

((xy/key/label "four_three")
0	0
0.00906667	3.84247e-005
0.0226667	9.38449e-005
0.0726665	0.00026248
0.122666	0.000358479
0.172666	0.000388564
0.222666	0.000389487
0.272666	0.000384065
0.322666	0.000379075
0.372666	0.000375847
0.423239	0.000373962
0.473819	0.000373089
0.525	0.000373079
0.576174	0.000373943
0.626752	0.000375809
0.677333	0.000379057
0.727333	0.000384033
0.777333	0.000389462
0.827333	0.000388571
0.877333	0.000358501
0.927333	0.000262524
0.977333	9.38798e-005
0.990933	3.84397e-005
1	0
)

(title "Velocity Magnitude")
(labels "Position" "Velocity Magnitude")

((xy/key/label "four_four")
0	0
0.00906667	3.2345e-005
0.0226667	7.91688e-005
0.0726667	0.000229365
0.122667	0.000333173
0.172667	0.000383925
0.222667	0.000398151
0.272667	0.000397611
0.322667	0.000393801
0.372667	0.000390475
0.423613	0.000388404
0.445874	0.000387985
0.474407	0.000387448
0.525583	0.000387444
0.576412	0.000388396
0.627333	0.000390458
0.677333	0.000393784
0.727333	0.000397591
0.777333	0.00039814
0.827333	0.000383931
0.877333	0.000333187
0.927333	0.000229374
0.977333	7.91721e-005
0.990933	3.23462e-005
1	0
)

(title "Velocity Magnitude")
(labels "Position" "Velocity Magnitude")

((xy/key/label "four_five")
0	0
0.00906667	2.73638e-005
0.0226667	6.7049e-005
0.0726667	0.000197437
0.122667	0.000298799
0.172667	0.00036542
0.222667	0.000399522
0.272667	0.000411648
0.322667	0.000413311
0.372667	0.000411653
0.42325	0.000409789
0.447668	0.000409296
0.473831	0.000408768
0.525	0.000408754
0.57617	0.000409766
0.626758	0.000411618
0.677333	0.000413292
0.727333	0.000411632
0.777333	0.000399512
0.827333	0.000365416
0.877333	0.000298797
0.927333	0.000197435
0.977333	6.70478e-005
0.990933	2.73633e-005
1	0
)

(title "Velocity Magnitude")
(labels "Position" "Velocity Magnitude")

((xy/key/label "four_six")
0	0
0.00906667	2.5681e-005
0.0226667	6.29659e-005
0.0726667	0.000186337
0.122667	0.000285129
0.172667	0.000355047
0.222667	0.0003963
0.272667	0.000415335
0.322667	0.000421279
0.372667	0.000421581
0.423261	0.000420411
0.454999	0.000419861
0.473843	0.000419535
0.525	0.000419524
0.576187	0.000420391
0.62677	0.000421557
0.677333	0.000421259
0.727333	0.00041532
0.777333	0.00039629
0.827333	0.000355041
0.877333	0.000285125
0.927333	0.000186335
0.977333	6.29651e-005
0.990933	2.56807e-005
1	0
)

(title "Velocity Magnitude")
(labels "Position" "Velocity Magnitude")

((xy/key/label "four_seven")
0	0
0.00906667	2.44734e-005
0.0226667	6.00391e-005
0.0726667	0.000178325
0.122667	0.000274855
0.172667	0.000346359
0.222667	0.000392326
0.272667	0.000416842
0.322667	0.000427055
0.372667	0.000429756
0.423284	0.000429583
0.473861	0.00042904
0.525	0.000429031
0.576212	0.000429571
0.626783	0.00042975
0.677333	0.000427032
0.727333	0.000416828
0.777333	0.000392316
0.827333	0.000346352
0.877333	0.000274851
0.927333	0.000178322
0.977333	6.00382e-005
0.990933	2.44731e-005
1	0
)

(title "Velocity Magnitude")
(labels "Position" "Velocity Magnitude")

((xy/key/label "four_eight")
0	0
0.00906667	2.35597e-005
0.0226667	5.78257e-005
0.0726667	0.000172236
0.122667	0.000266859
0.172667	0.000339142
0.222667	0.000388356
0.272667	0.000417204
0.322667	0.000431177
0.372667	0.000436393
0.423604	0.000437592
0.428	0.000437588
0.474397	0.000437547
0.525583	0.000437543
0.57641	0.000437586
0.627333	0.000436389
0.677333	0.000431162
0.727333	0.00041719
0.777333	0.000388345
0.827333	0.000339134
0.877333	0.000266854
0.927333	0.000172234
0.977333	5.78248e-005
0.990933	2.35593e-005
1	0
)

(title "Velocity Magnitude")
(labels "Position" "Velocity Magnitude")

((xy/key/label "four_nine")
0	0
0.00906667	2.28387e-005
0.0226667	5.60804e-005
0.0726667	0.000167424
0.122667	0.000260443
0.172667	0.000333098
0.222667	0.000384627
0.272667	0.000416892
0.322667	0.000434218
0.372667	0.000441917
0.42325	0.000444573
0.473833	0.000445154
0.525	0.000445155
0.576167	0.000444578
0.62675	0.000441955
0.677333	0.000434194
0.727333	0.000416876
0.777333	0.000384616
0.827333	0.00033309
0.877333	0.000260438
0.927333	0.000167421
0.977333	5.60793e-005
0.990933	2.28383e-005
1	0
)

(title "Velocity Magnitude")
(labels "Position" "Velocity Magnitude")

((xy/key/label "four_ten")
0	0
0.00906667	2.17704e-005
0.0226667	5.34957e-005
0.0726667	0.000160288
0.122667	0.000250797
0.172667	0.000323654
0.222667	0.000378201
0.272667	0.000415429
0.322667	0.000438159
0.372667	0.000450351
0.423282	0.000456031
0.467206	0.000457803
0.473861	0.000458072
0.525001	0.000458087
0.576212	0.000456054
0.626816	0.000450406
0.677333	0.000438138
0.727333	0.000415415
0.777333	0.000378189
0.827333	0.000323645
0.877333	0.000250791
0.927333	0.000160284
0.977333	5.34945e-005
0.990933	2.17699e-005
1	0
)

(title "Velocity Magnitude")
(labels "Position" "Velocity Magnitude")

((xy/key/label "four_eleven")
0	0
0.00906667	2.10162e-005
0.0226667	5.16724e-005
0.0726667	0.000155252
0.122667	0.00024392
0.172667	0.000316708
0.222667	0.0003731
0.272667	0.000413701
0.322667	0.000440476
0.372667	0.000456422
0.42324	0.000464867
0.473816	0.000468343
0.524927	0.000468378
0.576148	0.000464924
0.626739	0.000456545
0.677333	0.000440454
0.727333	0.000413683
0.777333	0.000373087
0.827333	0.000316699
0.877333	0.000243913
0.927333	0.000155248
0.977333	5.16711e-005
0.990933	2.10157e-005
1	0
)

(title "Velocity Magnitude")
(labels "Position" "Velocity Magnitude")

((xy/key/label "outlet")
0	0
0.00906667	1.86369e-005
0.0226667	4.5734e-005
0.0613333	0.000121868
0.1	0.000192361
0.15	0.000265731
0.2	0.000330997
0.25	0.000385827
0.3	0.000429638
0.35	0.000462918
0.4	0.000486099
0.45	0.000499624
0.5	0.000504083
0.55	0.000499593
0.6	0.000485954
0.65	0.000462725
0.7	0.000429496
0.75	0.00038573
0.8	0.000331036
0.85	0.00026563
0.9	0.000192327
0.938667	0.000121718
0.977333	4.57084e-005
0.990933	1.86394e-005
1	0
)