(title "Velocity Magnitude")
(labels "Position" "Velocity Magnitude")

((xy/key/label "seven_one_this")
0	0
0.00906667	0.000764
0.0226667	0.000764
0.0613333	0.000764
0.1	0.000764
0.15	0.000764
0.2	0.000764
0.25	0.000764
0.3	0.000764
0.35	0.000764
0.4	0.000764
0.45	0.000764
0.5	0.000764
0.55	0.000764
0.6	0.000764
0.65	0.000764
0.7	0.000764
0.75	0.000764
0.8	0.000764
0.85	0.000764
0.9	0.000764
0.938667	0.000764
0.977333	0.000764
0.990933	0.000764
1	0
)

(title "Velocity Magnitude")
(labels "Position" "Velocity Magnitude")

((xy/key/label "seven_two")
0	0
0.00906667	0.000132019
0.0226667	0.000325379
0.0726552	0.000756851
0.122649	0.000836496
0.172647	0.00082531
0.222645	0.000810164
0.272644	0.000800629
0.322644	0.00079471
0.372644	0.000790978
0.423427	0.000788706
0.477866	0.000786949
0.531382	0.000787693
0.573532	0.000788672
0.581213	0.00078885
0.594407	0.00078946
0.630293	0.00079112
0.658099	0.000793225
0.679568	0.000794851
0.728536	0.000800737
0.777839	0.000810211
0.827333	0.000825388
0.877333	0.000836575
0.927333	0.000756946
0.977333	0.000325417
0.990933	0.000132026
1	0
)

(title "Velocity Magnitude")
(labels "Position" "Velocity Magnitude")

((xy/key/label "seven_three")
0	0
0.00906667	0.000106076
0.0226667	0.000258161
0.0726667	0.000665117
0.122667	0.00082592
0.172667	0.000848238
0.222667	0.000839142
0.272667	0.000828808
0.322667	0.000822131
0.372667	0.000818111
0.423249	0.000815759
0.473833	0.000814659
0.525	0.000814647
0.576167	0.000815736
0.626751	0.000818065
0.677333	0.000822111
0.727333	0.00082877
0.777333	0.000839112
0.827333	0.000848279
0.877333	0.000825991
0.927333	0.000665194
0.977333	0.000258214
0.990933	0.000106098
1	0
)

(title "Velocity Magnitude")
(labels "Position" "Velocity Magnitude")

((xy/key/label "seven_four")
0	0
0.00906667	8.8239e-005
0.0226667	0.000215133
0.0726667	0.000593563
0.122667	0.000798515
0.172667	0.000858553
0.222667	0.000861383
0.272667	0.000853375
0.322667	0.000846175
0.372667	0.000841675
0.423285	0.000839098
0.466965	0.000838071
0.473862	0.000837909
0.525001	0.000837898
0.576211	0.000839078
0.62678	0.000841627
0.677333	0.000846157
0.727333	0.000853348
0.777333	0.000861373
0.827333	0.000858596
0.877333	0.000798583
0.927333	0.000593623
0.977333	0.000215162
0.990933	8.82512e-005
1	0
)

(title "Velocity Magnitude")
(labels "Position" "Velocity Magnitude")

((xy/key/label "seven_five")
0	0
0.00906667	7.82409e-005
0.0226667	0.000191102
0.0726667	0.000543893
0.122667	0.000766767
0.172667	0.000857746
0.222667	0.00087616
0.272667	0.000872446
0.322667	0.000865824
0.372667	0.000861068
0.42325	0.000858309
0.447668	0.000857699
0.473831	0.000857044
0.525	0.00085703
0.57617	0.000858283
0.626758	0.000861016
0.677333	0.000865806
0.727333	0.000872428
0.777333	0.000876162
0.827333	0.000857787
0.877333	0.000766826
0.927333	0.000543937
0.977333	0.000191118
0.990933	7.82472e-005
1	0
)

(title "Velocity Magnitude")
(labels "Position" "Velocity Magnitude")

((xy/key/label "seven_six")
0	0
0.00906667	6.21625e-005
0.0226667	0.000152228
0.0726667	0.000446871
0.122667	0.000672917
0.172667	0.000817878
0.222667	0.000889805
0.272667	0.000914961
0.322667	0.000919067
0.372667	0.00091683
0.42325	0.000914141
0.473833	0.000912681
0.525	0.000912663
0.576167	0.00091411
0.62675	0.000916783
0.677333	0.000919048
0.727333	0.000914957
0.777333	0.000889818
0.827333	0.000817906
0.877333	0.000672949
0.927333	0.000446893
0.977333	0.000152235
0.990933	6.21655e-005
1	0
)

(title "Velocity Magnitude")
(labels "Position" "Velocity Magnitude")

((xy/key/label "seven_seven")
0	0
0.00906667	5.56145e-005
0.0226667	0.000136383
0.0726667	0.000404271
0.122667	0.000621075
0.172667	0.000778961
0.222667	0.000877755
0.272667	0.000928682
0.322667	0.000949166
0.372667	0.000954621
0.42324	0.000954667
0.473816	0.000953896
0.524927	0.000953884
0.576148	0.000954653
0.626739	0.000954628
0.677333	0.000949138
0.727333	0.000928676
0.777333	0.000877764
0.827333	0.000778978
0.877333	0.000621092
0.927333	0.000404282
0.977333	0.000136387
0.990933	5.5616e-005
1	0
)

(title "Velocity Magnitude")
(labels "Position" "Velocity Magnitude")

((xy/key/label "seven_eight")
0	0
0.00906667	5.18766e-005
0.0226667	0.000127342
0.0726667	0.000379568
0.122667	0.000588966
0.172667	0.000750468
0.222667	0.000862614
0.272667	0.000930775
0.322667	0.000966059
0.372667	0.000981089
0.423612	0.000986115
0.445655	0.000986595
0.474406	0.000987221
0.525583	0.00098722
0.576413	0.000986121
0.627333	0.00098111
0.677333	0.000966047
0.727333	0.000930769
0.777333	0.000862616
0.827333	0.000750475
0.877333	0.000588974
0.927333	0.000379574
0.977333	0.000127344
0.990933	5.18773e-005
1	0
)

(title "Velocity Magnitude")
(labels "Position" "Velocity Magnitude")

((xy/key/label "seven_nine")
0	0
0.00906667	4.94167e-005
0.0226667	0.000121394
0.0726667	0.000363219
0.122667	0.000567113
0.172667	0.000729584
0.222667	0.000849165
0.272667	0.000928765
0.322667	0.000975764
0.373473	0.00100023
0.42423	0.0010109
0.474847	0.00101456
0.52546	0.00101455
0.576488	0.00101082
0.627333	0.00100009
0.677333	0.000975793
0.727333	0.000928765
0.777333	0.000849177
0.827333	0.000729603
0.877333	0.000567133
0.927333	0.000363239
0.977333	0.000121403
0.990933	4.94206e-005
1	0
)

(title "Velocity Magnitude")
(labels "Position" "Velocity Magnitude")

((xy/key/label "seven_ten")
0	0
0.00906667	4.76685e-005
0.0226667	0.000117169
0.0726667	0.000351579
0.122667	0.000551327
0.172667	0.000713894
0.222667	0.000838022
0.272667	0.000925483
0.322971	0.000981834
0.373442	0.0010142
0.423942	0.00103046
0.474531	0.00103694
0.525164	0.00103698
0.575838	0.00103059
0.626383	0.00101443
0.676858	0.00098216
0.727112	0.000925852
0.777333	0.000838039
0.827333	0.00071391
0.877333	0.000551324
0.927333	0.000351572
0.977333	0.000117166
0.990933	4.76672e-005
1	0
)

(title "Velocity Magnitude")
(labels "Position" "Velocity Magnitude")

((xy/key/label "seven_eleven")
0	0
0.00906667	4.72713e-005
0.0226667	0.000114073
0.0613333	0.00029714
0.1	0.000464202
0.15	0.000633722
0.2	0.000776303
0.25	0.000885278
0.3	0.000961781
0.35	0.0010112
0.4	0.00103992
0.45	0.00105411
0.5	0.00105829
0.55	0.00105406
0.6	0.00103982
0.65	0.00101103
0.7	0.000961651
0.75	0.000885197
0.8	0.00077648
0.85	0.000633595
0.9	0.000464226
0.938667	0.000296849
0.977333	0.000114045
0.990933	4.72963e-005
1	0
)

(title "Velocity Magnitude")
(labels "Position" "Velocity Magnitude")

((xy/key/label "outlet")
0	0
0.00906667	4.72713e-005
0.0226667	0.000114073
0.0613333	0.00029714
0.1	0.000464202
0.15	0.000633722
0.2	0.000776303
0.25	0.000885278
0.3	0.000961781
0.35	0.0010112
0.4	0.00103992
0.45	0.00105411
0.5	0.00105829
0.55	0.00105406
0.6	0.00103982
0.65	0.00101103
0.7	0.000961651
0.75	0.000885197
0.8	0.00077648
0.85	0.000633595
0.9	0.000464226
0.938667	0.000296849
0.977333	0.000114045
0.990933	4.72963e-005
1	0
)