(title "Velocity Magnitude")
(labels "Position" "Velocity Magnitude")

((xy/key/label "seven_one_this")
0	0
0.00906667	0.000804
0.0226667	0.000804
0.0613333	0.000804
0.1	0.000804
0.15	0.000804
0.2	0.000804
0.25	0.000804
0.3	0.000804
0.35	0.000804
0.4	0.000804
0.45	0.000804
0.5	0.000804
0.55	0.000804
0.6	0.000804
0.65	0.000804
0.7	0.000804
0.75	0.000804
0.8	0.000804
0.85	0.000804
0.9	0.000804
0.938667	0.000804
0.977333	0.000804
0.990933	0.000804
1	0
)

(title "Velocity Magnitude")
(labels "Position" "Velocity Magnitude")

((xy/key/label "seven_two")
0	0
0.00906667	0.00013986
0.0226667	0.000345337
0.0726552	0.000800052
0.122649	0.000879394
0.172647	0.000866956
0.222645	0.000851317
0.272644	0.000841543
0.322644	0.000835456
0.372644	0.00083161
0.423427	0.000829268
0.477866	0.000827466
0.531382	0.000828224
0.573532	0.000829233
0.581213	0.000829417
0.594407	0.000830046
0.630293	0.000831758
0.658099	0.000833927
0.679568	0.000835602
0.728536	0.000841655
0.777839	0.000851367
0.827333	0.000867031
0.877333	0.000879472
0.927333	0.000800152
0.977333	0.000345371
0.990933	0.000139865
1	0
)

(title "Velocity Magnitude")
(labels "Position" "Velocity Magnitude")

((xy/key/label "seven_three")
0	0
0.00906667	0.000113773
0.0226667	0.00027689
0.0726667	0.000707229
0.122667	0.000870314
0.172667	0.000890494
0.222667	0.000880466
0.272667	0.000869836
0.322667	0.000863063
0.372667	0.000858982
0.423249	0.000856587
0.473833	0.000855467
0.525	0.000855455
0.576167	0.000856563
0.626751	0.000858935
0.677333	0.000863043
0.727333	0.000869797
0.777333	0.000880431
0.827333	0.000890528
0.877333	0.000870387
0.927333	0.000707315
0.977333	0.000276946
0.990933	0.000113796
1	0
)

(title "Velocity Magnitude")
(labels "Position" "Velocity Magnitude")

((xy/key/label "seven_four")
0	0
0.00906667	9.4796e-005
0.0226667	0.000231023
0.0726667	0.000632995
0.122667	0.000844217
0.172667	0.00090238
0.222667	0.000903594
0.272667	0.000894992
0.322667	0.000887601
0.372667	0.000883037
0.423285	0.000880419
0.466965	0.000879373
0.473862	0.000879208
0.525001	0.000879198
0.576211	0.000880398
0.62678	0.000882989
0.677333	0.000887582
0.727333	0.000894962
0.777333	0.000903582
0.827333	0.00090242
0.877333	0.000844287
0.927333	0.000633063
0.977333	0.000231056
0.990933	9.48099e-005
1	0
)

(title "Velocity Magnitude")
(labels "Position" "Velocity Magnitude")

((xy/key/label "seven_five")
0	0
0.00906667	8.3849e-005
0.0226667	0.000204736
0.0726667	0.000580296
0.122667	0.00081249
0.172667	0.00090305
0.222667	0.000919528
0.272667	0.000914842
0.322667	0.000907835
0.372667	0.00090299
0.42325	0.000900193
0.447668	0.000899573
0.473831	0.000898909
0.525	0.000898894
0.57617	0.000900167
0.626758	0.000902937
0.677333	0.000907817
0.727333	0.00091482
0.777333	0.000919525
0.827333	0.00090309
0.877333	0.000812553
0.927333	0.000580346
0.977333	0.000204756
0.990933	8.38567e-005
1	0
)

(title "Velocity Magnitude")
(labels "Position" "Velocity Magnitude")

((xy/key/label "seven_six")
0	0
0.00906667	6.63566e-005
0.0226667	0.000162469
0.0726667	0.000476239
0.122667	0.00071491
0.172667	0.000864896
0.222667	0.000936685
0.272667	0.000960214
0.322667	0.000963163
0.372667	0.000960441
0.42325	0.000957585
0.473833	0.000956081
0.525	0.000956062
0.576167	0.000957554
0.62675	0.00096039
0.677333	0.000963144
0.727333	0.000960208
0.777333	0.000936697
0.827333	0.000864925
0.877333	0.000714944
0.927333	0.000476264
0.977333	0.000162477
0.990933	6.63599e-005
1	0
)

(title "Velocity Magnitude")
(labels "Position" "Velocity Magnitude")

((xy/key/label "seven_seven")
0	0
0.00906667	5.92628e-005
0.0226667	0.000145305
0.0726667	0.000430266
0.122667	0.00065969
0.172667	0.000824765
0.222667	0.000925842
0.272667	0.000976188
0.322667	0.000995375
0.372667	0.00099985
0.42324	0.000999365
0.473816	0.000998407
0.524927	0.000998393
0.576148	0.000999348
0.626739	0.000999846
0.677333	0.000995344
0.727333	0.000976182
0.777333	0.000925851
0.827333	0.000824783
0.877333	0.000659707
0.927333	0.000430279
0.977333	0.000145309
0.990933	5.92644e-005
1	0
)

(title "Velocity Magnitude")
(labels "Position" "Velocity Magnitude")

((xy/key/label "seven_eight")
0	0
0.00906667	5.52128e-005
0.0226667	0.000135508
0.0726667	0.000403544
0.122667	0.000625206
0.172667	0.00079473
0.222667	0.000910678
0.272667	0.000979513
0.322667	0.00101394
0.372667	0.00102788
0.423612	0.00103211
0.445655	0.00103242
0.474406	0.00103283
0.525583	0.00103283
0.576413	0.00103212
0.627333	0.0010279
0.677333	0.00101393
0.727333	0.000979506
0.777333	0.00091068
0.827333	0.000794737
0.877333	0.000625214
0.927333	0.00040355
0.977333	0.00013551
0.990933	5.52135e-005
1	0
)

(title "Velocity Magnitude")
(labels "Position" "Velocity Magnitude")

((xy/key/label "seven_nine")
0	0
0.00906667	5.25424e-005
0.0226667	0.000129051
0.0726667	0.000385815
0.122667	0.000601616
0.172667	0.000772457
0.222667	0.000896761
0.272667	0.000978047
0.322667	0.00102484
0.373473	0.00104836
0.42423	0.00105816
0.474847	0.00106135
0.52546	0.00106134
0.576488	0.00105809
0.627333	0.00104823
0.677333	0.00102487
0.727333	0.000978046
0.777333	0.000896774
0.827333	0.000772478
0.877333	0.000601638
0.927333	0.000385835
0.977333	0.000129061
0.990933	5.25466e-005
1	0
)

(title "Velocity Magnitude")
(labels "Position" "Velocity Magnitude")

((xy/key/label "seven_ten")
0	0
0.00906667	5.06408e-005
0.0226667	0.000124455
0.0726667	0.000373157
0.122667	0.000584501
0.172667	0.000755587
0.222667	0.000885016
0.272667	0.000974923
0.322971	0.0010317
0.373442	0.00106347
0.423942	0.00107894
0.474531	0.00108493
0.525164	0.00108497
0.575838	0.00107907
0.626383	0.0010637
0.676858	0.00103204
0.727112	0.000975308
0.777333	0.000885036
0.827333	0.000755605
0.877333	0.0005845
0.927333	0.00037315
0.977333	0.000124452
0.990933	5.06395e-005
1	0
)

(title "Velocity Magnitude")
(labels "Position" "Velocity Magnitude")

((xy/key/label "seven_eleven")
0	0
0.00906667	5.02814e-005
0.0226667	0.000121178
0.0613333	0.000315141
0.1	0.000491956
0.15	0.000670859
0.2	0.000820463
0.25	0.000933693
0.3	0.00101206
0.35	0.00106175
0.4	0.00108996
0.45	0.00110359
0.5	0.00110753
0.55	0.00110353
0.6	0.00108987
0.65	0.00106158
0.7	0.00101194
0.75	0.000933613
0.8	0.000820652
0.85	0.000670728
0.9	0.000491985
0.938667	0.000314834
0.977333	0.00012115
0.990933	5.0309e-005
1	0
)