(title "Relative X Velocity")
(labels "Position" "Relative X Velocity")

((xy/key/label "one")
0	0
0.00906667	5.02e-005
0.0226667	5.02e-005
0.0613333	5.02e-005
0.1	5.02e-005
0.15	5.02e-005
0.2	5.02e-005
0.25	5.02e-005
0.3	5.02e-005
0.35	5.02e-005
0.4	5.02e-005
0.45	5.02e-005
0.5	5.02e-005
0.55	5.02e-005
0.6	5.02e-005
0.65	5.02e-005
0.7	5.02e-005
0.75	5.02e-005
0.8	5.02e-005
0.85	5.02e-005
0.9	5.02e-005
0.938667	5.02e-005
0.977333	5.02e-005
0.990933	5.02e-005
1	0
)

(title "Relative X Velocity")
(labels "Position" "Relative X Velocity")

((xy/key/label "two")
0	0
0.00906667	1.17363e-005
0.0226667	2.55757e-005
0.0681559	5.05753e-005
0.113258	5.60822e-005
0.123409	5.59016e-005
0.15935	5.52521e-005
0.206309	5.35517e-005
0.254358	5.23183e-005
0.302741	5.15965e-005
0.351477	5.11941e-005
0.400983	5.09767e-005
0.450335	5.08683e-005
0.499951	5.08338e-005
0.549537	5.08689e-005
0.599219	5.09731e-005
0.648178	5.11896e-005
0.697127	5.1588e-005
0.745259	5.2309e-005
0.792996	5.35203e-005
0.840126	5.52275e-005
0.886388	5.60791e-005
0.91632	5.24988e-005
0.93211	5.06154e-005
0.977333	2.5584e-005
0.990933	1.17348e-005
1	0
)

(title "Relative X Velocity")
(labels "Position" "Relative X Velocity")

((xy/key/label "three")
0	0
0.00906667	6.72746e-006
0.0226667	1.63682e-005
0.0705102	4.21535e-005
0.118272	5.44866e-005
0.158782	5.72367e-005
0.165531	5.76969e-005
0.212205	5.71022e-005
0.259674	5.55508e-005
0.307246	5.4194e-005
0.354858	5.3263e-005
0.402757	5.26939e-005
0.451226	5.23892e-005
0.500152	5.23023e-005
0.548961	5.23918e-005
0.59778	5.26951e-005
0.645791	5.32715e-005
0.693607	5.4212e-005
0.741012	5.55732e-005
0.787944	5.71004e-005
0.83499	5.76783e-005
0.882047	5.44557e-005
0.914617	4.60355e-005
0.929405	4.22171e-005
0.977333	1.63724e-005
0.990933	6.73011e-006
1	0
)

(title "Relative X Velocity")
(labels "Position" "Relative X Velocity")

((xy/key/label “four”)
0	0
0.00906667	5.23236e-006
0.0226667	1.2794e-005
0.0720948	3.59143e-005
0.120893	5.06365e-005
0.169677	5.74045e-005
0.194891	5.82496e-005
0.217627	5.90149e-005
0.265486	5.83116e-005
0.312784	5.70161e-005
0.35925	5.58583e-005
0.406335	5.50443e-005
0.453622	5.45801e-005
0.501224	5.44365e-005
0.548664	5.45921e-005
0.596304	5.50813e-005
0.643092	5.59169e-005
0.689923	5.70883e-005
0.736608	5.83626e-005
0.783838	5.90141e-005
0.831202	5.7355e-005
0.874034	5.13225e-005
0.879189	5.05973e-005
0.927933	3.5916e-005
0.977333	1.27976e-005
0.990933	5.23468e-006
1	0
)

(title "Relative X Velocity")
(labels "Position" "Relative X Velocity")

((xy/key/label "five")
0	0
0.00906667	4.40852e-006
0.0226667	1.08179e-005
0.0726207	3.15697e-005
0.122598	4.68171e-005
0.13182	4.8481e-005
0.172059	5.57379e-005
0.221112	5.94684e-005
0.26975	6.01138e-005
0.294491	5.9743e-005
0.318449	5.93843e-005
0.366175	5.83376e-005
0.413606	5.74879e-005
0.458115	5.70271e-005
0.502779	5.6893e-005
0.547072	5.70547e-005
0.592122	5.75679e-005
0.638012	5.84289e-005
0.685007	5.94527e-005
0.732328	6.01336e-005
0.770069	5.9577e-005
0.780539	5.94233e-005
0.828729	5.56579e-005
0.878058	4.67261e-005
0.927333	3.15979e-005
0.977333	1.08226e-005
0.990933	4.41043e-006
1	0
)

(title "Relative X Velocity")
(labels "Position" "Relative X Velocity")

((xy/key/label "six")
0	0
0.00906667	3.62624e-006
0.0226667	8.91894e-006
0.0726638	2.66289e-005
0.122662	4.11117e-005
0.172662	5.17012e-005
0.222661	5.82734e-005
0.272661	6.15117e-005
0.322661	6.25341e-005
0.373249	6.24224e-005
0.423668	6.19744e-005
0.474201	6.16446e-005
0.51735	6.16437e-005
0.524987	6.16435e-005
0.576272	6.19734e-005
0.627333	6.24268e-005
0.677333	6.25381e-005
0.727333	6.15117e-005
0.777333	5.82839e-005
0.827333	5.17272e-005
0.877333	4.11517e-005
0.927333	2.66322e-005
0.977333	8.91922e-006
0.990933	3.62629e-006
1	0
)

(title "Relative X Velocity")
(labels "Position" "Relative X Velocity")

((xy/key/label "seven")
0	0
0.00906667	3.28447e-006
0.0226667	8.08095e-006
0.0726665	2.42731e-005
0.122666	3.79678e-005
0.172666	4.87898e-005
0.222666	5.65392e-005
0.272666	6.1413e-005
0.322666	6.40031e-005
0.372666	6.507e-005
0.423239	6.53345e-005
0.473819	6.53288e-005
0.525	6.53275e-005
0.576174	6.53335e-005
0.626752	6.50753e-005
0.677333	6.40013e-005
0.727333	6.14119e-005
0.777333	5.65382e-005
0.827333	4.87893e-005
0.877333	3.79682e-005
0.927333	2.42738e-005
0.977333	8.08129e-006
0.990933	3.28463e-006
1	0
)

(title "Relative X Velocity")
(labels "Position" "Relative X Velocity")

((xy/key/label "eight")
0	0
0.00906667	3.10269e-006
0.0226667	7.63484e-006
0.0726667	2.29904e-005
0.122667	3.61674e-005
0.172667	4.69514e-005
0.222667	5.52011e-005
0.272667	6.09853e-005
0.322667	6.46289e-005
0.372667	6.66526e-005
0.423249	6.76192e-005
0.473833	6.79676e-005
0.525	6.79704e-005
0.576167	6.76244e-005
0.626751	6.66673e-005
0.677333	6.46267e-005
0.727333	6.09839e-005
0.777333	5.52001e-005
0.827333	4.69507e-005
0.877333	3.61669e-005
0.927333	2.29901e-005
0.977333	7.63473e-006
0.990933	3.10265e-006
1	0
)

(title "Relative X Velocity")
(labels "Position" "Relative X Velocity")

((xy/key/label “nine”)
0	0
0.00906667	2.99007e-006
0.0226667	7.35943e-006
0.0726667	2.22006e-005
0.122667	3.50452e-005
0.172667	4.57629e-005
0.222667	5.42638e-005
0.272667	6.05834e-005
0.322667	6.49259e-005
0.372667	6.76435e-005
0.423613	6.91721e-005
0.445874	6.94601e-005
0.474407	6.98293e-005
0.525583	6.98308e-005
0.576412	6.91747e-005
0.627333	6.76479e-005
0.677333	6.49249e-005
0.727333	6.05818e-005
0.777333	5.42624e-005
0.827333	4.57618e-005
0.877333	3.50443e-005
0.927333	2.22e-005
0.977333	7.35923e-006
0.990933	2.98998e-006
1	0
)

(title "Relative X Velocity")
(labels "Position" "Relative X Velocity")

((xy/key/label "ten")
0	0
0.00906667	2.78498e-006
0.0226667	6.86186e-006
0.0726667	2.08057e-005
0.122667	3.30895e-005
0.172667	4.36846e-005
0.222667	5.2574e-005
0.272667	5.97722e-005
0.322667	6.53359e-005
0.372667	6.93616e-005
0.42325	7.19913e-005
0.447668	7.26143e-005
0.473831	7.32819e-005
0.525	7.32959e-005
0.57617	7.20117e-005
0.626758	6.93977e-005
0.677333	6.53339e-005
0.727333	5.97703e-005
0.777333	5.25722e-005
0.827333	4.36831e-005
0.877333	3.30884e-005
0.927333	2.08049e-005
0.977333	6.86163e-006
0.990933	2.78489e-006
1	0
)

(title "Relative X Velocity")
(labels "Position" "Relative X Velocity")

((xy/key/label "eleven")
0	0
0.00906667	2.71459e-006
0.0226667	6.69212e-006
0.0726667	2.03403e-005
0.122667	3.24516e-005
0.172667	4.30197e-005
0.222667	5.20412e-005
0.272667	5.95204e-005
0.322667	6.54704e-005
0.372667	6.99136e-005
0.423284	7.29047e-005
0.473861	7.44029e-005
0.525	7.44169e-005
0.576212	7.29246e-005
0.626783	6.99523e-005
0.677333	6.54676e-005
0.727333	5.95174e-005
0.777333	5.20382e-005
0.827333	4.30169e-005
0.877333	3.24494e-005
0.927333	2.03389e-005
0.977333	6.69164e-006
0.990933	2.7144e-006
1	0
)

(title "Relative X Velocity")
(labels "Position" "Relative X Velocity")

((xy/key/label "outlet")
0	0
0.00906667	2.93452e-006
0.0226667	8.36479e-006
0.0613333	1.75284e-005
0.1	2.81331e-005
0.15	3.84606e-005
0.2	4.79922e-005
0.25	5.61652e-005
0.3	6.28668e-005
0.35	6.80802e-005
0.4	7.18038e-005
0.45	7.4039e-005
0.5	7.47838e-005
0.55	7.40296e-005
0.6	7.17854e-005
0.65	6.80555e-005
0.7	6.28405e-005
0.75	5.61453e-005
0.8	4.79842e-005
0.85	3.84543e-005
0.9	2.81117e-005
0.938667	1.75065e-005
0.977333	8.3559e-006
0.990933	2.93099e-006
1	0
)