(title "Velocity Magnitude")
(labels "Position" "Velocity Magnitude")

((xy/key/label "three_one")
0	0
0.00906667	0.000201
0.0226667	0.000201
0.0613333	0.000201
0.1	0.000201
0.15	0.000201
0.2	0.000201
0.25	0.000201
0.3	0.000201
0.35	0.000201
0.4	0.000201
0.45	0.000201
0.5	0.000201
0.55	0.000201
0.6	0.000201
0.65	0.000201
0.7	0.000201
0.75	0.000201
0.8	0.000201
0.85	0.000201
0.9	0.000201
0.938667	0.000201
0.977333	0.000201
0.990933	0.000201
1	0
)

(title "Velocity Magnitude")
(labels "Position" "Velocity Magnitude")

((xy/key/label "three_two")
0	0
0.00906667	3.51626e-005
0.0226667	8.68805e-005
0.0705102	0.000202061
0.118272	0.000226622
0.158782	0.000222199
0.165531	0.000221465
0.212205	0.00021433
0.259674	0.000209871
0.307246	0.00020735
0.354858	0.000205925
0.402757	0.000205103
0.451226	0.000204672
0.500152	0.000204549
0.548961	0.000204676
0.59778	0.000205103
0.645791	0.000205933
0.693607	0.000207369
0.741012	0.000209903
0.787944	0.000214348
0.83499	0.000221495
0.882047	0.000226562
0.914617	0.000209842
0.929405	0.00020227
0.977333	8.6863e-005
0.990933	3.51594e-005
1	0
)

(title "Velocity Magnitude")
(labels "Position" "Velocity Magnitude")

((xy/key/label "three_three")
0	0
0.00906667	2.64381e-005
0.0226667	6.44102e-005
0.0726207	0.000171543
0.122598	0.000220723
0.13182	0.000222358
0.172059	0.000229479
0.221112	0.000225323
0.26975	0.000220025
0.294491	0.000218146
0.318449	0.000216326
0.366175	0.000214007
0.413606	0.00021264
0.458115	0.000211992
0.502779	0.000211814
0.547072	0.000212031
0.592122	0.000212751
0.638012	0.000214155
0.685007	0.000216498
0.732328	0.000220198
0.770069	0.000224337
0.780539	0.000225485
0.828729	0.000229501
0.878058	0.00022058
0.927333	0.000171755
0.977333	6.4478e-005
0.990933	2.64644e-005
1	0
)

(title "Velocity Magnitude")
(labels "Position" "Velocity Magnitude")

((xy/key/label "three_four")
0	0
0.00906667	2.13996e-005
0.0226667	5.23527e-005
0.0726638	0.000148819
0.122662	0.000208154
0.172662	0.000230149
0.222661	0.000232267
0.272661	0.000228603
0.322661	0.00022469
0.373249	0.000221975
0.423668	0.000220373
0.474201	0.000219622
0.51735	0.000219622
0.524987	0.000219622
0.576272	0.000220369
0.627333	0.000221977
0.677333	0.000224673
0.727333	0.000228586
0.777333	0.00023227
0.827333	0.000230175
0.877333	0.00020824
0.927333	0.00014884
0.977333	5.23816e-005
0.990933	2.14124e-005
1	0
)

(title "Velocity Magnitude")
(labels "Position" "Velocity Magnitude")

((xy/key/label "three_five")
0	0
0.00906667	1.87734e-005
0.0226667	4.60089e-005
0.0726665	0.000133933
0.122666	0.000195747
0.172666	0.000226807
0.222666	0.000235656
0.272666	0.000234919
0.322666	0.000231852
0.372666	0.000229118
0.423239	0.000227375
0.473819	0.000226557
0.525	0.000226548
0.576174	0.000227358
0.626752	0.000229086
0.677333	0.000231842
0.727333	0.00023491
0.777333	0.000235659
0.827333	0.000226799
0.877333	0.000195733
0.927333	0.000133937
0.977333	4.60135e-005
0.990933	1.87755e-005
1	0
)

(title "Velocity Magnitude")
(labels "Position" "Velocity Magnitude")

((xy/key/label "three_six")
0	0
0.00906667	1.72522e-005
0.0226667	4.22954e-005
0.0726667	0.000124203
0.122667	0.00018561
0.172667	0.00022183
0.222667	0.000236568
0.272667	0.000239263
0.322667	0.00023753
0.372667	0.00023514
0.423249	0.000233398
0.473833	0.000232544
0.525	0.000232534
0.576167	0.000233382
0.626751	0.00023511
0.677333	0.000237522
0.727333	0.000239257
0.777333	0.000236566
0.827333	0.000221821
0.877333	0.000185596
0.927333	0.000124194
0.977333	4.22918e-005
0.990933	1.72507e-005
1	0
)

(title "Velocity Magnitude")
(labels "Position" "Velocity Magnitude")

((xy/key/label "three_seven")
0	0
0.00906667	1.51906e-005
0.0226667	3.7259e-005
0.0726667	0.000110383
0.122667	0.000168961
0.172667	0.000210167
0.222667	0.000233984
0.272667	0.000244436
0.322667	0.00024713
0.372667	0.000246582
0.423285	0.000245392
0.466965	0.000244731
0.473862	0.000244627
0.525001	0.000244619
0.576211	0.000245378
0.62678	0.000246563
0.677333	0.000247119
0.727333	0.000244427
0.777333	0.000233974
0.827333	0.000210153
0.877333	0.000168945
0.927333	0.00011037
0.977333	3.7254e-005
0.990933	1.51885e-005
1	0
)

(title "Velocity Magnitude")
(labels "Position" "Velocity Magnitude")

((xy/key/label "three_eight")
0	0
0.00906667	1.40697e-005
0.0226667	3.45328e-005
0.0726667	0.00010281
0.122667	0.000159064
0.172667	0.000201551
0.222667	0.000229767
0.272667	0.000245531
0.322667	0.000252527
0.372667	0.000254575
0.42325	0.000254552
0.447668	0.000254378
0.473831	0.000254193
0.525	0.000254186
0.57617	0.000254542
0.626758	0.000254574
0.677333	0.000252513
0.727333	0.000245519
0.777333	0.000229755
0.827333	0.000201538
0.877333	0.000159052
0.927333	0.000102801
0.977333	3.45299e-005
0.990933	1.40685e-005
1	0
)

(title "Velocity Magnitude")
(labels "Position" "Velocity Magnitude")

((xy/key/label "three_nine")
0	0
0.00906667	1.33389e-005
0.0226667	3.27601e-005
0.0726667	9.78866e-005
0.122667	0.00015245
0.172667	0.000195278
0.222667	0.000225873
0.272667	0.000245187
0.322667	0.000255615
0.372667	0.00026025
0.423261	0.000261791
0.454999	0.000261962
0.473843	0.000262064
0.525	0.000262064
0.576187	0.000261791
0.62677	0.000260269
0.677333	0.0002556
0.727333	0.000245175
0.777333	0.000225862
0.827333	0.000195268
0.877333	0.000152441
0.927333	9.78811e-005
0.977333	3.27583e-005
0.990933	1.33382e-005
1	0
)

(title "Velocity Magnitude")
(labels "Position" "Velocity Magnitude")

((xy/key/label "three_ten")
0	0
0.00906667	1.28196e-005
0.0226667	3.15023e-005
0.0726667	9.43967e-005
0.122667	0.000147699
0.172667	0.000190576
0.222667	0.000222608
0.272667	0.000244359
0.322667	0.0002575
0.372667	0.000264407
0.423284	0.000267522
0.473861	0.000268587
0.525	0.000268593
0.576212	0.000267532
0.626783	0.000264448
0.677333	0.000257485
0.727333	0.000244348
0.777333	0.000222598
0.827333	0.000190567
0.877333	0.000147692
0.927333	9.43926e-005
0.977333	3.1501e-005
0.990933	1.28191e-005
1	0
)

(title "Velocity Magnitude")
(labels "Position" "Velocity Magnitude")

((xy/key/label "three_eleven")
0	0
0.00906667	1.21308e-005
0.0226667	2.98362e-005
0.0726667	8.97822e-005
0.122667	0.000141365
0.172667	0.000184115
0.222667	0.000217766
0.272667	0.000242581
0.322667	0.000259495
0.372667	0.000269999
0.42325	0.000275835
0.473833	0.000278342
0.525	0.000278366
0.576167	0.000275873
0.62675	0.000270081
0.677333	0.000259481
0.727333	0.00024257
0.777333	0.000217757
0.827333	0.000184108
0.877333	0.00014136
0.927333	8.97791e-005
0.977333	2.98352e-005
0.990933	1.21304e-005
1	0
)

(title "Velocity Magnitude")
(labels "Position" "Velocity Magnitude")

((xy/key/label "outlet")
0	0
0.00906667	1.05784e-005
0.0226667	2.6134e-005
0.0613333	7.03667e-005
0.1	0.0001115
0.15	0.000154278
0.2	0.000192657
0.25	0.000225496
0.3	0.000252305
0.35	0.000273152
0.4	0.000287997
0.45	0.000296829
0.5	0.000299771
0.55	0.000296794
0.6	0.000287892
0.65	0.00027301
0.7	0.000252199
0.75	0.000225424
0.8	0.000192673
0.85	0.000154207
0.9	0.000111459
0.938667	7.02618e-005
0.977333	2.61108e-005
0.990933	1.05755e-005
1	0
)